image_width: 410
image_height: 308
camera_name: camera
camera_matrix:
  rows: 3
  cols: 3
  data: [330.85633761, 0, 342.10606951, 0, 329.88375819, 252.34461849, 0, 0, 1]
distortion_model: plumb_bob
distortion_coefficients:
  rows: 1
  cols: 5
  data: [-3.02767206e-01, 9.00556422e-02, 1.22879175e-04, 5.87956322e-04, -1.16976357e-02]
rectification_matrix:
  rows: 3
  cols: 3
  data: [1, 0, 0, 0, 1, 0, 0, 0, 1]
projection_matrix:
  rows: 3
  cols: 4
  data: [330.37335205, 0, 341.60664969, 0, 0, 329.24319458, 251.8546135, 0, 0, 0, 1, 0]
roi:
  x_offset: 0
  y_offset: 331
  height: 0
  width: 0
  do_rectify: True
